#numbering refers to the cleaved sequence. Add the offset value O=62 for full sequence numbering

53 0.1048121494057552
54 0.08292414348967975
56 0.05376950707187534
57 0.05533269047632726
65 0.05403740295144731
94 0.0685596145028774
97 0.060264558877287544
111 0.05768660972085578
112 0.058927606765255026
113 0.058935586471488124
114 0.06412897885281145
115 0.06768045927850572
116 0.05706989402188226
118 0.06450282677461634
119 0.054905987144393896
120 0.05463273846533807
121 0.05487455667040559
123 0.059828433108810995
124 0.07088505485779621
128 0.059111805441522405
129 0.08933503214595298
130 0.09406227832813803
131 0.14024404171464114
132 0.1229934947726233
133 0.0733802678020757
134 0.0755353019914505
137 0.0577355501543482
138 0.05430805888376761
147 0.06069863221694875
148 0.06472473851091634
149 0.057473022835855786
150 0.0578470554635357
151 0.05877862565158694
153 0.05588011487610096
155 0.10980585220572213
156 0.07722843239902993
157 0.05544549451951053
159 0.06621858484503856
160 0.08256535127735308
161 0.09966847336097014
162 0.053153759688872336
163 0.05822212495916978
164 0.06994516977323613
168 0.060175944630692944
169 0.07861472422384747
170 0.05816671333857341
174 0.0974436723690129
175 0.07694794925563792
176 0.0778425294132121
177 0.11213715644670318
178 0.10623770068664684
179 0.1343139263597899
180 0.25065015351772024
181 0.13801842080232518
182 0.10913953877356673
183 0.09387769826838753
184 0.08873328483551314
185 0.08897333529209589
186 0.0855402180718972
187 0.0933096525502927
188 0.0842358061346061
189 0.0726435929629269
190 0.0710325168622504
191 0.10435189054577029
192 0.12019544503734285
193 0.14231622221611928
194 0.10787377359315586
195 0.1420852862715692
196 0.09359985437587413
197 0.07445411686839946
198 0.06447818293271285
199 0.06689075688928488
200 0.05967630118688609
201 0.05429999705593878
214 0.06314160284308819
215 0.07564765897596906
216 0.08312031156844764
217 0.05754497341276656
219 0.06713314363038975
220 0.059790094935358425
234 0.07182927075510567
289 0.05688898561533358
290 0.0619820568100236
291 0.05613930267904973
292 0.09052337220069553
293 0.09757822508933879
294 0.09293357091460379
295 0.11882499433382734
296 0.09572728713634183
297 0.07663538722521852
298 0.061227032835668015
300 0.09286157914939942
301 0.2661174636636587
302 0.15436696690267196
303 0.08465764593562229
304 0.058292158754690016
305 0.05630550516380416
330 0.057713144027971834
333 0.07093263595957221
334 0.058039671187963056
335 0.07363586122304402
336 0.10866911512676088
