#numbering refers to the cleaved sequence. Add the offset value O=14 for full sequence numbering


45 0.06126649905451449
46 0.06552928879971605
47 0.05562079490129277
48 0.07569749681690256
49 0.11280700104525117
50 0.0967212257664566
51 0.08674415076733274
52 0.239258368750089
53 0.18186723683325187
54 0.08613931013382901
55 0.09140871836272044
56 0.09900976115389844
57 0.0736811889212866
123 0.06512603281680203
124 0.07283081584986136
127 0.0876023955827302
128 0.10194670206736056
129 0.12620941826569657
130 0.132807299338793
131 0.22876930549237567
132 0.2002573461035109
133 0.09852310325904766
134 0.11489303786612881
137 0.06908171506830035
148 0.06357812008762512
149 0.06774556652314592
150 0.0827241674329175
151 0.10765947008742675
152 0.11483449010939883
153 0.1524426887579486
154 0.11998638314683027
155 0.20729757965519227
156 0.1405966425853806
157 0.11090140180707181
160 0.058624843425567
161 0.057079300687098634
171 0.068184559307368
172 0.0689731376188141
173 0.10573630828706088
174 0.24689100244373027
175 0.14762318630429588
176 0.05633554825285707
181 0.060687724980233504
182 0.09624013633424044
183 0.07264538783747752
184 0.0711719839621656
185 0.132564609762728
186 0.07010424270119323
193 0.05415518150279562
195 0.05657041811842038
196 0.07235988917920516
197 0.10910124794244
198 0.15303124920242953
199 0.0901588187213043
200 0.10077408303397542
201 0.07548802790308536
202 0.05837661071781592
294 0.05957018422816959
296 0.0667227947654462
297 0.057884206849093636
298 0.05424182207033291
302 0.1495526042988308
303 0.08798990968987294
333 0.06405482246239835
334 0.0961799742063546
335 0.07904770261736703
336 0.10890413267605177
337 0.16823980039726388
338 0.07794447240411176
