#numbering refers to the cleaved sequence. Add the offset value O=4 for full sequence numbering

51 0.10785334875845826
52 0.07798922836776367
53 0.05859680084472372
54 0.13497773449754447
55 0.11079961028638526
56 0.05943648504345708
57 0.06402985295932105
58 0.06721492053086098
64 0.0600789216007412
65 0.06935453450208591
66 0.07365454907681086
67 0.05642348765534348
90 0.0620025954758691
95 0.05427658521052815
111 0.054422279123074485
112 0.05563019332344152
113 0.05675828973757856
114 0.06173525539457191
115 0.0702091388167934
116 0.0719083619787392
117 0.06064783380656887
118 0.05595499684524848
119 0.09395579057404244
120 0.06814880522876204
121 0.05426289134751111
124 0.06321206584503751
125 0.07756277574339855
129 0.060077156696700766
130 0.09082560279092927
131 0.1004214017697429
132 0.13345536998274463
133 0.13955152654808206
134 0.0765293012736991
138 0.06064387751628163
148 0.07461261243765686
149 0.07302439924850276
150 0.06928467686597013
151 0.078604776375691
152 0.07692551195797206
153 0.06423744582698987
154 0.07434530316411826
155 0.06010999547368431
156 0.07544438945313255
157 0.05486591054960803
176 0.05955902169430976
177 0.0994485028335762
182 0.07158082712377108
183 0.06519092670814393
184 0.07653572695568608
185 0.1325051881204244
186 0.10598293077697069
187 0.12364362884201013
188 0.2324174005511915
189 0.10278830203983941
190 0.07683476406037179
191 0.06491373532200403
198 0.08428746759973098
199 0.12108636571109124
200 0.13638466398482618
201 0.15953158096357917
202 0.11674801353526781
203 0.14975033292750717
204 0.1067293579324273
205 0.08706634235464979
206 0.06673101905815271
207 0.068272942975913
208 0.06056415661895407
209 0.055726836346742366
243 0.0642717665084439
245 0.06741346060098369
280 0.08228255103136267
281 0.06894333813517298
282 0.0690921696801867
283 0.055584242814916994
284 0.10943033430390836
285 0.1114287034728397
286 0.09402384876972768
287 0.12508860066222732
288 0.12405687989708274
289 0.13254590435580307
290 0.0698421754226436
292 0.11858079879323227
293 0.2755389258059654
294 0.15942408169876623
295 0.08377104978833189
325 0.06644424569552351
327 0.06773724122000303
328 0.10259380480797897
