#numbering refers to the cleaved sequence. Add the offset value O=4 for full sequence numbering

20 0.07922818021529525
46 0.0644279894960219
47 0.07986992476021426
48 0.09225264399083656
49 0.09981936118962877
50 0.12679395148608763
51 0.2572927739100049
52 0.18854618195560247
53 0.15317468000546147
54 0.3338020884137809
55 0.3191041501207377
56 0.15363361774831977
57 0.18414242762513858
58 0.1541247457706255
59 0.10721982407157253
60 0.10925379162968339
61 0.08869136715749953
62 0.07223197091266545
136 0.061891688608714635
137 0.05826337781470221
138 0.06071067279737763
139 0.060728247602455813
156 0.05612012714241677
157 0.09741445498544098
158 0.10979666817452101
159 0.07200852837604216
160 0.05977190419517586
161 0.06918641630781107
162 0.15787004972208918
163 0.09395588832656597
166 0.052665921151373675
204 0.056802481804427006
327 0.05631492643590756
328 0.10372618272749154
329 0.1014142235068612
330 0.14720373892156993
331 0.12890692797847328
332 0.10751196889399069
333 0.1611252850672069
334 0.2859643270411808
335 0.12759516726275225
336 0.07925915580329251
337 0.09001035848301715
338 0.06838124890115627
354 0.056928645111928154
355 0.06947449255389018
356 0.063341319915672
357 0.07246858961812133
358 0.1359540704840802
359 0.06210232884587153
