#numbering refers to the cleaved sequence. Add the offset value O=28 for full sequence numbering


54 0.05430996240181481
55 0.0762210581357997
56 0.10645068661007323
57 0.09684098351048717
58 0.0962470592794008
59 0.18140919776337253
60 0.10093421635363257
61 0.07241430226224407
62 0.181509873309859
63 0.0898320635256547
74 0.0547776826215391
75 0.05847481226319912
326 0.07313288367854955
334 0.061728656314390264
335 0.07267754666661685
336 0.10569605697188014
337 0.14019043555110183
338 0.15405369937317193
339 0.5394399159078197
340 0.5729673176568003
341 0.20774864203275087
342 0.15937918552733885
343 0.15044527853435324
344 0.18403706581790719
